Algorithm: I1A2U2
CLUSTER-1 {size: 3452,  centroid: 0 0.000518969 0.00280288 0.0136824 0.00435407 0 0 0 3.61623e-07 0.00080903 0 0 0.000147131 0 0 0 0 0 0.00102107 0 0 0 0.00153333 0 0 0 0 3.67198e-05 0.00104663 0 0 0 0 0 0.000942714 0.000194202 3.26535e-05 6.50631e-06 0 0.00410296 0 0.193047 0.000191834 5.67973e-06 0.00148799 0.000109075 0 0 0 0 0 0.00690107 4.55969e-06 0 0.000314145 0 0 0 0 0 0 0 0.000423764 }
CLUSTER-2 {size: 1337,  centroid: 0 0.0996434 0.315068 0 0.199655 0 0 0 0 0.0904045 0 0 0.0727541 0 0 0 0 0 0.0249299 0 0 0 0.183909 0 0.00452306 0 0 0.0604185 0.26643 0 0 0 0 0 0.01844 0.376296 0 0.270089 0.00889706 0.172865 0.0156436 1.96728e-05 0.0475386 0.0372147 0.119402 4.93201e-06 0 0.00788339 0 0 0.000148261 0.150519 0 0 0.0109336 0.000782835 0.00181938 0 0 0 0 0 0.190351 }
CLUSTER-3 {size: 2447,  centroid: 0 0.106047 0.721232 0 0.302686 0 0 0 0 0.0850458 0 0 0.122204 0 0.00220862 4.50539e-05 0 0 0.140783 0 2.0689e-05 0 0.467677 0 0.00115568 0 0 0.0492622 0.838789 0 0 0 0 3.25946e-06 0.0815126 0.598407 0 0.694308 0.00167188 0.231834 0.0128996 9.49863e-05 0.0504981 0.0742673 0.190997 0.0145514 0 0.00558056 0 0 2.78949e-06 0.331076 0 0 0.000249859 0 0 0 0 0 0 0.000161192 0.447951 }
CLUSTER-4 {size: 1829,  centroid: 0 0.0173256 0.0425019 0.00146147 0.0166268 0 0 0 2.84885e-05 0.0177296 0 0 0.00271983 0 0 0 0 0 0.0173632 0 0 0 0.0238073 0 0 0 0 0.0032335 0.00385522 0 9.33708e-06 0 0 0.000187052 0.00590208 0.0266345 0.00120175 0.00098262 2.06489e-06 0.0124864 0 0.0496727 0.00787304 0.000547207 0.0216188 6.08926e-05 0 1.03112e-06 0 0 6.44911e-06 0.0495419 2.33759e-05 0 0.00472774 0 0.000786121 0 0 0 0 0 0.0227522 }
CLUSTER-5 {size: 2809,  centroid: 0 0.0392419 0.148656 0.00325806 0.0881681 0 0 0 4.21818e-05 0.0496427 0 0 0.0309075 0 0 2.44223e-05 0 0 0.0292165 0 0 0 0.0957414 0 6.12083e-05 0 0 0.03065 0.153956 0 0.000382469 0 0 0.00203221 0.0192576 0.155916 0.000267149 0.126803 0.00153164 0.0566629 0.0125749 0.00433117 0.0369184 0.0185023 0.0816746 0.00210321 0 0.00455026 1.60555e-06 0 0.000100458 0.0885422 0 0 0.002241 0.000550171 0.00169446 0 0 1.12172e-05 4.62557e-06 0 0.109959 }
CLUSTER-6 {size: 977,  centroid: 0 0.00043697 0.00733168 0.0724977 0.0283612 0 0 0 0 0.00314587 0 0 0.000301988 0 0 0 0 0 0.00138986 0 0 0 0.00290459 0 0 0 0 0.000372451 0.00109572 0 0 0 0 1.89087e-06 0.00966247 0.000838126 0.0072082 9.28168e-06 0 0.0120401 0 0.0677175 0.00295561 0.000163212 0.00125665 0.000149121 0 0 0 0 0 0.00698153 0.000332713 0 0.0224278 0 0.00226225 0 0 0 0 0 0.00440293 }
CLUSTER-7 {size: 1369,  centroid: 0 0.0633522 0.341071 7.92546e-05 0.15704 0 0 0 1.21895e-06 0.0650862 0 0 0.0732423 0 0.000126261 0.000184201 0 0 0.0571035 0 0 0 0.220258 0 0.00275805 0 0 0.0379574 0.418845 0 5.55879e-06 0 0 0.000815409 0.0441998 0.308939 3.25006e-07 0.317142 0.00381571 0.0956808 0.0309766 0.000996505 0.0357571 0.0517703 0.111688 0.0128503 0 0.0125644 0 0 0.000106198 0.154306 0 0 0.000228801 0 0 0 0 0 0 0 0.24287 }
CLUSTER-8 {size: 558,  centroid: 0 0.00389086 0.0803239 0.108663 0.0950742 0 0 0 0.000174635 0.00613345 0 0 0.00628352 0 0 9.99255e-06 0 0 0.0184963 0 0 0 0.0275143 0 0 0 0 0.00234754 0.0847334 0 0 0 0 0 0.036445 0.00865878 0.00109555 0.00857466 0 0.0314829 3.7171e-05 0.0418704 0.0115091 0.00964038 0.0116347 0.00209294 0 0 0 0 0 0.0173736 0.000131726 0 0.000868306 0 2.61917e-05 0 0 0 0 0 0.0145282 }
CLUSTER-9 {size: 3317,  centroid: 0 0.117307 0.444523 0 0.185211 0 0 0 0 0.0437693 0 0 0.0885094 0 1.72172e-05 1.29088e-05 0 0 0.072897 0 1.03094e-05 0 0.264298 0 0.0113003 0 0 0.0428659 0.507777 0 0 0 0 2.38855e-05 0.0362591 0.406765 0 0.471282 0.000888975 0.122215 0.0528026 6.69444e-05 0.0511162 0.0411711 0.148882 0.00662661 0 0.0351387 0 0 1.00123e-05 0.205879 0 0 0.000485874 0.000137145 6.1322e-05 0 0 0 0 0 0.312149 }
CLUSTER-10 {size: 2380,  centroid: 0 0.0340327 0.0940918 0.00252642 0.0485468 0 0 0 4.30133e-06 0.0393299 0 0 0.0107702 0 0 0 0 0 0.0258848 0 0 0 0.0621376 0 0 0 0 0.0180883 0.0420554 0 0.000122357 0 0 0.0018002 0.0130977 0.092423 0.000860536 0.0295492 0.00016777 0.0364853 0.000674287 0.0125912 0.021084 0.00480611 0.0478222 0.000611806 0 0.000423001 0 0 5.3136e-05 0.0704697 5.93477e-05 0 0.00307173 0.000271958 0.0013179 0 0 0 0 0 0.0615923 }
CLUSTER-11 {size: 2871,  centroid: 0 0.0776271 0.235927 2.40642e-05 0.100317 0 0 0 1.66459e-06 0.0354827 0 0 0.0548339 0 0 1.18573e-07 0 0 0.0441447 0 1.47675e-06 0 0.147509 0 0.00789709 0 0 0.0487385 0.270512 0 0.000105661 0 0 0.00135443 0.016294 0.225209 1.8919e-05 0.263802 0.000434867 0.0620608 0.0517191 0.000849101 0.0423098 0.0197373 0.103837 0.00399698 0 0.0392285 0 0 4.58484e-05 0.136505 0 0 3.24848e-05 0.00117186 0.000666369 0 0 0 0 0 0.177915 }
CLUSTER-12 {size: 642,  centroid: 0 0.00321645 0.0550809 0.0116491 0.0278 0 0 0 4.85587e-05 0.00640681 0 0 0.00380772 0 0 0 0 0 0.0185207 0 0 0 0.0231601 0 0 0 0 0.00101459 0.02132 0 0 0 0 0 0.0135236 0.00545772 0.00010421 0.00160169 0 0.0065754 0 0.126281 0.00613703 5.16562e-05 0.00442439 0.00131651 0 0 0 0 0 0.0224426 0 0 0.000742102 0 3.50674e-05 0 0 0 0 0 0.0141232 }
clustering_time: 0.283101
Silhouette: [0.546083, 0.198993, 0.223424, 0.125725, 0.138412, 0.17511, 0.125948, 0.121524, 0.120823, 0.131362, 0.149799, 0.109942, 0.180595]
