Algorithm: I2A1U2
CLUSTER-1 {size: 1242,  centroid: 0 0.00282242 0.0505674 0.0879445 0.0662138 0 0 0 5.38818e-05 0.00644696 0 0 0.00394424 0 0 4.48941e-06 0 0 0.0119893 0 0 0 0.0170492 0 0 0 0 0.00188463 0.0402062 0 0 0 0 3.95096e-06 0.0217978 0.00728369 0.00247509 0.00237903 0 0.0238307 0 0.0569486 0.00739654 0.00377273 0.00684387 0.0013048 0 0 0 0 0 0.0167337 0.000312379 0 0.00641379 0 0.000121569 0 0 0 0 0 0.0113025 }
CLUSTER-2 {size: 2725,  centroid: 0 0.0836065 0.346626 2.34736e-05 0.178818 0 0 0 6.12382e-07 0.0730865 0 0 0.073883 0 1.44015e-05 2.73037e-05 0 0 0.0462624 0 0 0 0.212715 0 0.00176839 0 0 0.0452912 0.373864 0 2.79265e-06 0 0 0.000433859 0.0310574 0.350291 0 0.326422 0.00454631 0.135396 0.0224395 0.000458194 0.0465499 0.0430318 0.125071 0.00724088 0 0.0032896 0 0 6.45334e-05 0.162582 0 0 0.00370966 0.000113554 0.000631593 0 0 0 0 0 0.232189 }
CLUSTER-3 {size: 3078,  centroid: 0 0.0662395 0.217571 6.94336e-05 0.105943 0 0 0 1.57003e-05 0.0581074 0 0 0.0473024 0 0 5.49336e-05 0 0 0.0376869 0 0 0 0.139884 0 0.00187213 0 0 0.0447304 0.217178 0 0.000297619 0 0 0.00188566 0.0174889 0.226038 0.000101773 0.2054 0.00298926 0.0815712 0.0268236 0.00115959 0.037226 0.0207419 0.0974308 0.00409986 0 0.0163491 1.46523e-06 0 0.000119752 0.124694 0 0 0.0032146 0.00102889 0.001613 0 0 0 0 0 0.153415 }
CLUSTER-4 {size: 2020,  centroid: 0 0.109524 0.4755 0 0.200013 0 0 0 0 0.053638 0 0 0.0880537 0 9.44141e-05 3.3972e-05 0 0 0.0794964 0 1.69289e-05 0 0.290266 0 0.00461863 0 0 0.0365274 0.547132 0 0 0 0 8.96502e-06 0.0433006 0.428446 0 0.487609 0.00122885 0.138055 0.0360762 0.000130083 0.0496004 0.0476096 0.155363 0.00956694 0 0.0150969 0 0 2.75466e-05 0.213133 0 0 0.000293796 0 3.03297e-05 0 0 0 0 0 0.32842 }
CLUSTER-5 {size: 1546,  centroid: 0 0.128084 0.322378 0 0.123724 0 0 0 0 0.0102055 0 0 0.0834845 0 0 6.34841e-06 0 0 0.0537328 0 2.7424e-06 0 0.184212 0 0.0321357 0 0 0.0670902 0.368729 0 0 0 0 1.96246e-06 0.0210199 0.304377 0 0.37883 0 0.055146 0.106297 1.14648e-05 0.0411666 0.0240563 0.110198 0.000353686 0 0.107998 0 0 7.75999e-05 0.168634 0 0 0 0.00125838 3.08404e-07 0 0 0 0 0 0.242936 }
CLUSTER-6 {size: 515,  centroid: 0 0.123527 0.609898 0 0.140741 0 0 0 0 0.0335809 0 0 0.0618063 0 0 0 0 0 0.154783 0 0 0 0.376727 0 0.00284298 0 0 0.0179074 0.732009 0 0 0 0 0 0.0568141 0.489237 0 0.746901 0 0.1165 0.0314209 0 0.0804722 0.0281802 0.225479 0.0230919 0 0.0294908 0 0 0 0.320198 0 0 0 0 0 0 0 0 0 0 0.473169 }
CLUSTER-7 {size: 5848,  centroid: 0 0.00436342 0.0144941 0.0129049 0.00841877 0 0 0 7.37812e-06 0.00493426 0 0 0.000829852 0 0 0 0 0 0.00588726 0 0 0 0.0075537 0 0 0 0 0.000582991 0.00205278 0 2.92023e-06 0 0 2.83979e-05 0.00342929 0.00544951 0.00110675 0.000188062 6.45808e-07 0.00574244 0 0.144856 0.00231911 9.47942e-05 0.00605996 0.0001355 0 0 0 0 2.017e-06 0.0176989 1.18132e-05 0 0.0039242 0 0.000558176 0 0 0 0 0 0.00613027 }
CLUSTER-8 {size: 1483,  centroid: 0 0.028762 0.141304 0.00607994 0.0980007 0 0 0 4.02864e-05 0.0339518 0 0 0.0340284 0 0 2.83252e-05 0 0 0.0274808 0 0 0 0.0860639 0 8.24594e-06 0 0 0.0251637 0.20021 0 9.05131e-05 0 0 0.00120333 0.0223361 0.136399 5.23552e-05 0.149016 0.000235586 0.0422482 0.0211016 0.00419709 0.0468011 0.0266295 0.0903748 0.00187062 0 0.00477435 0 0 2.11021e-05 0.0780412 0 0 2.01217e-05 0.00020218 0.000460736 0 0 2.12469e-05 8.76144e-06 0 0.115181 }
CLUSTER-9 {size: 448,  centroid: 0 0.135616 0.824976 0 0.360195 0 0 0 0 0.0849929 0 0 0.152274 0 0 0 0 0 0.119558 0 6.82374e-05 0 0.499494 0 0.00053203 0 0 0.030296 0.98734 0 0 0 0 0 0.0718387 0.66496 0 0.856184 0.00403579 0.210911 0.00614196 2.64422e-06 0.0655402 0.0981848 0.159606 0.0112016 0 0.00323183 0 0 0 0.317679 0 0 0.000440786 0 0 0 0 0 0 0 0.570231 }
CLUSTER-10 {size: 1145,  centroid: 0 0.105234 0.629558 0 0.290085 0 0 0 0 0.0886505 0 0 0.124612 0 0.0006536 9.62854e-05 0 0 0.103362 0 1.75159e-05 0 0.394223 0 0.00145449 0 0 0.0484668 0.723011 0 0 0 0 6.96585e-06 0.0688492 0.544121 0 0.569836 0.00238061 0.212307 0.0161193 0.000112035 0.0439707 0.0760088 0.166179 0.0149524 0 0.000907789 0 0 5.96147e-06 0.275423 0 0 0.000660314 0 0 0 0 0 0 1.20165e-05 0.387197 }
CLUSTER-11 {size: 498,  centroid: 0 0.0704631 0.894706 0 0.416882 0 0 0 0 0.116365 0 0 0.144741 0 0.00934963 0 0 0 0.216932 0 0 0 0.646758 0 0 0 0 0.0934888 1.01498 0 0 0 0 0 0.127946 0.734158 0 0.755613 6.76292e-05 0.383338 0.00311876 0.000206761 0.0305593 0.0873275 0.237974 0.00513632 0 0 0 0 0 0.460997 0 0 0 0 0 0 0 0 0 0.000764415 0.435152 }
CLUSTER-12 {size: 3440,  centroid: 0 0.0343584 0.099059 0.00296528 0.0503273 0 0 0 2.82967e-05 0.0406497 0 0 0.0124649 0 0 0 0 0 0.0266333 0 0 0 0.065447 0 1.6464e-06 0 0 0.0193006 0.050679 0 0.00017983 0 0 0.00187734 0.0135993 0.0972795 0.000856797 0.0391359 0.000325659 0.0380969 0.0012534 0.0130408 0.0219498 0.00505165 0.0497273 0.0007772 0 0.000832485 0 0 4.81812e-05 0.0723752 4.10603e-05 0 0.00318691 0.000388662 0.00153617 0 0 0 0 0 0.0655598 }
clustering_time: 0.492576
Silhouette: [0.106209, 0.128078, 0.0986414, 0.156588, 0.237378, 0.211119, 0.465452, 0.205747, 0.124203, 0.180972, 0.245603, 0.193226, 0.196101]
