Algorithm: I2A2U2
CLUSTER-1 {size: 1436,  centroid: 0 0.109683 0.478293 0 0.158041 0 0 0 0 0.0327387 0 0 0.0762375 0 1.64229e-05 2.83263e-05 0 0 0.102175 0 2.28952e-05 0 0.294407 0 0.00326487 0 0 0.0250738 0.581303 0 0 0 0 0 0.0420041 0.398375 0 0.544624 0 0.10017 0.0466905 5.85312e-05 0.0539854 0.0334496 0.170248 0.011031 0 0.0241821 0 0 1.86623e-05 0.224786 0 0 0 0 0 0 0 0 0 0 0.356923 }
CLUSTER-2 {size: 1884,  centroid: 0 0.00142468 0.0314779 0.0902272 0.0480461 0 0 0 3.55208e-05 0.0028857 0 0 0.00235197 0 0 2.95958e-06 0 0 0.00761146 0 0 0 0.0104348 0 0 0 0 0.000910529 0.0280144 0 0 0 0 0 0.0161552 0.00246369 0.00285576 0.00209485 0 0.0183218 4.01801e-06 0.0919104 0.00455055 0.00251994 0.00372203 0.00100412 0 0 0 0 0 0.00928608 0.000216785 0 0.00847696 0 0.000444551 0 0 0 0 0 0.00572984 }
CLUSTER-3 {size: 151,  centroid: 0 0.10145 1.07227 0 0.514732 0 0 0 0 0.175164 0 0 0.213969 0 0.0269123 0 0 0 0.201889 0 0 0 0.730774 0 0 0 0 0.126197 1.21486 0 0 0 0 0 0.172862 0.894066 0 0.901148 0.0077803 0.432296 0.000983363 0 0.0513322 0.122787 0.188491 0.00102023 0 0.000412605 0 0 0 0.503673 0 0 0.000682296 0 0 0 0 0 0 0.0024065 0.5581 }
CLUSTER-4 {size: 1896,  centroid: 0 0.119759 0.319764 0 0.131022 0 0 0 0 0.0133614 0 0 0.0833547 0 0 5.1765e-06 0 0 0.0527277 0 2.23616e-06 0 0.182835 0 0.0257312 0 0 0.0611939 0.375605 0 0 0 0 1.6002e-06 0.0202783 0.29877 0 0.372987 4.1634e-07 0.0593547 0.0953127 5.84077e-05 0.0440735 0.026681 0.114071 0.00058144 0 0.0871087 0 0 6.3275e-05 0.163194 0 0 0 0.000931679 3.89792e-05 0 0 0 0 0 0.240786 }
CLUSTER-5 {size: 1398,  centroid: 0 0.0804381 0.302243 7.80449e-06 0.198622 0 0 0 0 0.0873403 0 0 0.0739842 0 0 0 0 0 0.0221727 0 0 0 0.180702 0 0.00130226 0 0 0.0512452 0.295264 0 0 0 0 0 0.0168468 0.346936 0 0.263901 0.0096062 0.155672 0.0121719 9.13318e-05 0.0444446 0.0440736 0.109701 0.000100006 0 0.00154837 0 0 2.53217e-05 0.137157 0 0 0.00815291 0.000245672 0.00157244 0 0 0 0 0 0.194508 }
CLUSTER-6 {size: 6756,  centroid: 0 0.0105592 0.0310527 0.00281125 0.014296 0 0 0 1.35669e-05 0.0122992 0 0 0.00240426 0 0 0 0 0 0.0109374 0 0 0 0.0183981 0 0 0 0 0.00334608 0.00678978 0 1.19392e-05 0 0 0.000331434 0.00499937 0.0211575 0.000846996 0.00291719 2.92287e-06 0.0103607 1.69645e-05 0.114869 0.00577463 0.000543398 0.013892 0.000166102 0 2.31631e-05 0 0 9.45248e-06 0.0303159 1.91247e-05 0 0.00305641 1.10632e-05 0.000604385 0 0 0 0 0 0.0168473 }
CLUSTER-7 {size: 1274,  centroid: 0 0.119503 0.455006 0 0.265797 0 0 0 0 0.0833792 0 0 0.104152 0 0 0 0 0 0.0367245 0 1.03513e-06 0 0.25856 0 0.00695436 0 0 0.054716 0.456302 0 0 0 0 0 0.0283186 0.479767 0 0.417528 0.00537661 0.201745 0.0210488 2.84883e-05 0.0576701 0.0603234 0.1368 0.000608721 0 0.00768465 0 0 0 0.196735 0 0 0.00374025 2.34631e-05 0.00023833 0 0 0 0 0 0.28425 }
CLUSTER-8 {size: 945,  centroid: 0 0.0570851 0.354178 7.33493e-05 0.102094 0 0 0 1.76586e-06 0.0765881 0 0 0.0508481 0 0.000144454 0.000259089 0 0 0.0852603 0 0 0 0.246473 0 4.43699e-05 0 0 0.0331871 0.413627 0 6.42667e-05 0 0 0.00244454 0.0657273 0.298035 2.45169e-06 0.31531 6.3378e-05 0.088313 0.0219997 0.00146502 0.0341071 0.0355045 0.130583 0.0274342 0 0.00120048 0 0 0.000168023 0.180821 0 0 0 0 0 0 0 0 0 0 0.249794 }
CLUSTER-9 {size: 801,  centroid: 0 0.102382 0.823218 0 0.358432 0 0 0 0 0.0884044 0 0 0.13563 0 0.000739516 0 0 0 0.170276 0 3.81652e-05 0 0.546699 0 0.000345725 0 0 0.0545006 0.960138 0 0 0 0 0 0.0909773 0.664529 0 0.787341 0.000697796 0.277636 0.00634757 0.000130027 0.0494737 0.0828369 0.209239 0.0113821 0 0.00323115 0 0 0 0.380533 0 0 0.00011791 0 0 0 0 0 0 2.15952e-05 0.485697 }
CLUSTER-10 {size: 3551,  centroid: 0 0.0350242 0.12989 0.00423235 0.0767838 0 0 0 3.75075e-05 0.0451226 0 0 0.0238603 0 0 1.18294e-05 0 0 0.028119 0 0 0 0.0841823 0 1.11541e-05 0 0 0.0260005 0.123821 0 0.000331055 0 0 0.00214936 0.0191657 0.132383 0.000483192 0.0967492 0.000701571 0.0483705 0.00863642 0.00570345 0.0339879 0.0147618 0.07201 0.00186012 0 0.00270781 0 0 8.38567e-05 0.0808719 1.70872e-05 0 0.00192039 0.000481672 0.00152116 0 0 8.87334e-06 3.65903e-06 0 0.0958324 }
CLUSTER-11 {size: 1467,  centroid: 0 0.105616 0.631299 0 0.256572 0 0 0 0 0.0765454 0 0 0.107942 0 0.000557765 7.51512e-05 0 0 0.116884 0 1.36712e-05 0 0.40053 0 0.0014593 0 0 0.0400199 0.737846 0 0 0 0 5.43688e-06 0.0703775 0.533546 0 0.611544 0.00148824 0.190031 0.0165214 0.000142126 0.0470131 0.0680317 0.177514 0.0182356 0 0.00477384 0 0 4.65295e-06 0.283923 0 0 0.000230709 0 3.10462e-06 0 0 0 0 9.37896e-06 0.410627 }
CLUSTER-12 {size: 2429,  centroid: 0 0.068722 0.211343 4.10472e-05 0.100075 0 0 0 9.76178e-06 0.0463782 0 0 0.0474999 0 0 1.09494e-05 0 0 0.0393531 0 0 0 0.134884 0 0.00260357 0 0 0.0453291 0.223617 0 0.000155057 0 0 0.00133237 0.0141852 0.213481 2.6314e-05 0.218133 0.00137705 0.0709417 0.0340984 0.00112626 0.0394197 0.0203468 0.10107 0.00298347 0 0.0213949 1.85673e-06 0 9.31701e-05 0.126346 0 0 0.00136684 0.00129011 0.00132885 0 0 0 0 0 0.152131 }
clustering_time: 0.509384
Silhouette: [0.178455, 0.199529, 0.156746, 0.183971, 0.200562, 0.182489, 0.209683, 0.185232, 0.21429, 0.2286, 0.154412, 0.175862, 0.189153]
