Algorithm: I1A1U2
CLUSTER-1 {size: 599,  centroid: 0 0.00206035 0.0635785 0.122525 0.0901753 0 0 0 0.000144045 0.00377463 0 0 0.00464041 0 0 0 0 0 0.0140555 0 0 0 0.0196586 0 0 0 0 0.00131079 0.0699893 0 0 0 0 0 0.0304495 0.00509634 0.000664836 0.00663469 0 0.0296643 1.26376e-05 0.0537827 0.00806986 0.00792861 0.00791546 0.00144979 0 0 0 0 0 0.0114472 0.000137378 0 0.000935762 0 0 0 0 0 0 0 0.00834573 }
CLUSTER-2 {size: 449,  centroid: 0 0 0 0.00757736 0.000123482 0 0 0 0 0 0 0 0 0 0 0 0 0 0 0 0 0 4.36908e-05 0 0 0 0 0 0.000137459 0 0 0 0 0 3.34369e-05 0 0 0 0 0.00104699 0 0.311553 0 0 0 0.000165924 0 0 0 0 0 0 0 0 0 0 0 0 0 0 0 0 0 }
CLUSTER-3 {size: 3061,  centroid: 0 0.00249689 0.0116717 0.0196836 0.0104189 0 0 0 1.01845e-05 0.0033055 0 0 0.00054926 0 0 0 0 0 0.00502211 0 0 0 0.00533887 0 0 0 0 0.000274778 0.00194148 0 0 0 0 3.36381e-06 0.00329346 0.00189237 0.00118471 6.10079e-05 0 0.00609979 0 0.122704 0.00147209 3.23589e-05 0.00496333 0.000131754 0 0 0 0 0 0.0175509 2.2352e-05 0 0.00450695 0 0.000530196 0 0 0 0 0 0.00341106 }
CLUSTER-4 {size: 2371,  centroid: 0 0.101675 0.293017 0 0.11753 0 0 0 2.01563e-06 0.028724 0 0 0.0686759 0 0 4.13945e-06 0 0 0.051027 0 1.78817e-06 0 0.176055 0 0.0160366 0 0 0.0568539 0.334752 0 0 0 0 0.000375924 0.0204047 0.277039 0 0.334227 6.17198e-05 0.0686735 0.071101 0.00019123 0.044112 0.0227651 0.112651 0.0037586 0 0.0603588 0 0 0.000102576 0.158559 0 0 5.55635e-05 0.00115363 0.000314065 0 0 0 0 0 0.217665 }
CLUSTER-5 {size: 2238,  centroid: 0 0.112684 0.550038 0 0.229674 0 0 0 0 0.0628304 0 0 0.099472 0 0.00027342 6.42265e-05 0 0 0.0938263 0 2.39624e-05 0 0.335293 0 0.00315706 0 0 0.0353394 0.635376 0 0 0 0 3.56385e-06 0.0506341 0.481634 0 0.556277 0.00159863 0.160473 0.0277825 8.27243e-05 0.0541574 0.0569093 0.167654 0.0122219 0 0.0109095 0 0 1.50246e-05 0.246445 0 0 0.0004972 0 5.18635e-06 0 0 0 0 1.10197e-06 0.37436 }
CLUSTER-6 {size: 1364,  centroid: 0 1.2216e-05 0.00163056 0.0146096 0.00346836 0 0 0 9.15192e-07 8.44809e-05 0 0 0.000119892 0 0 0 0 0 0.000216353 0 0 0 0.000908518 0 0 0 0 1.24958e-05 0.00179364 0 0 0 0 0 0.0010885 1.37211e-06 0 2.55491e-05 0 0.00367006 0 0.211824 6.79084e-05 0 0.00016571 0.000179979 0 0 0 0 0 0.00104154 0 0 5.83051e-05 0 0 0 0 0 0 0 2.25059e-06 }
CLUSTER-7 {size: 2636,  centroid: 0 0.0246452 0.0676676 0.00210758 0.0297808 0 0 0 2.24715e-05 0.028054 0 0 0.00584406 0 0 0 0 0 0.0227936 0 0 0 0.0417901 0 0 0 0 0.0085743 0.0180374 0 4.36753e-05 0 0 0.000936832 0.0100599 0.0535344 0.00104989 0.00804653 7.7733e-06 0.0213605 4.62919e-05 0.0315518 0.0134906 0.00162582 0.0307519 0.000362466 0 5.93664e-05 0 0 2.42265e-05 0.0575549 4.25868e-05 0 0.00402372 3.40728e-05 0.000924465 0 0 0 0 0 0.0400032 }
CLUSTER-8 {size: 3211,  centroid: 0 0.0564502 0.213749 0.000473879 0.118484 0 0 0 1.825e-05 0.0602535 0 0 0.0486142 0 0 7.66789e-05 0 0 0.0331603 0 0 0 0.135912 0 0.000860864 0 0 0.0397253 0.230712 0 0.000207752 0 0 0.00172805 0.0197532 0.224069 5.90061e-05 0.200454 0.00384039 0.0837003 0.0230579 0.0013579 0.0407095 0.0268502 0.0991512 0.00396719 0 0.0104253 1.40454e-06 0 6.68727e-05 0.114418 0 0 0.00346602 0.000623181 0.00150755 0 0 0 0 0 0.153512 }
CLUSTER-9 {size: 3026,  centroid: 0 0.0383434 0.125658 0.00397485 0.0716623 0 0 0 2.50587e-05 0.0447508 0 0 0.0219713 0 0 0 0 0 0.0287758 0 0 0 0.0820025 0 7.97485e-06 0 0 0.0274911 0.10589 0 0.00030044 0 0 0.00200921 0.0174331 0.129938 0.000513116 0.0876703 0.000687391 0.0485988 0.00721281 0.00620434 0.0316326 0.0120301 0.0692574 0.00129202 0 0.00307527 0 0 8.50158e-05 0.0826208 1.10547e-05 0 0.00223678 0.00062815 0.00159956 0 0 1.04128e-05 4.29386e-06 0 0.0895732 }
CLUSTER-10 {size: 1466,  centroid: 0 0.102236 0.801735 0 0.339713 0 0 0 0 0.0937482 0 0 0.13225 0 0.0033329 4.90078e-06 0 0 0.164818 0 2.12786e-05 0 0.532259 0 0.000435197 0 0 0.0570623 0.93304 0 0 0 0 0 0.0969346 0.654799 0 0.758738 0.00157433 0.268709 0.00806754 0.000116416 0.0471318 0.0820271 0.2028 0.0141153 0 0.00415082 0 0 0 0.371711 0 0 0.000214079 0 0 0 0 0 0 0.000267375 0.476818 }
CLUSTER-11 {size: 2971,  centroid: 0 0.102593 0.396473 3.26546e-07 0.185943 0 0 0 0 0.0600002 0 0 0.0836499 0 4.59471e-05 2.26272e-05 0 0 0.0576314 0 0 0 0.239049 0 0.00823424 0 0 0.0469569 0.43726 0 7.58327e-07 0 0 0.000141794 0.0347194 0.384656 0 0.392036 0.00324765 0.131648 0.0393432 0.00029492 0.0465859 0.0444149 0.134274 0.00668109 0 0.0228265 0 0 4.1415e-05 0.183007 0 0 0.00243248 0.000111672 0.000220511 0 0 0 0 0 0.270506 }
CLUSTER-12 {size: 596,  centroid: 0 0.00287005 0.0354637 0.0471649 0.0378906 0 0 0 0 0.00715834 0 0 0.00218686 0 0 9.35544e-06 0 0 0.00927885 0 0 0 0.0139508 0 0 0 0 0.00146087 0.0110083 0 0 0 0 0 0.0167399 0.00418274 0.0072992 0.000363005 0 0.0141998 0 0.0497392 0.00766928 0.000495054 0.0044306 0.00112433 0 0 0 0 0 0.0200962 0.00050652 0 0.0196851 0 0.00164149 0 0 0 0 0 0.0132171 }
clustering_time: 0.17887
Silhouette: [0.0907569, 0.505664, 0.069619, 0.185347, 0.215667, 0.41987, 0.169519, 0.12701, 0.150878, 0.199817, 0.11548, 0.0389058, 0.190711]
